Level 1 itemsets:
  [1] → [1, 2, 4, 5, 6, 7, 8, 9, 11, 12, 14, 16, 17, 19, 20, 21, 22, 23, 26, 27, 29, 30, 31, 32, 33, 36, 37, 39, 41, 42, 43, 45, 47, 48, 50, 51, 54, 56, 57, 58, 59, 60, 62, 63, 65, 66, 67, 68, 71, 72, 74, 75, 77, 79, 80, 81, 82, 84, 85, 87, 88, 90, 91, 94, 95, 97, 99, 101, 102, 103, 105, 107, 108, 109, 111, 112, 114, 115, 116, 118, 119, 121, 123, 124, 126, 128, 129, 130, 131, 132, 133, 135, 136, 138, 139, 140, 141, 142, 144, 146, 147, 148, 149, 150, 152, 153, 156, 157]
  [2] → [1, 3, 69, 134, 137, 10, 76, 14, 78, 80, 145, 18, 84, 24, 152, 25, 89, 154, 155, 92, 34, 98, 102, 40, 104, 44, 110, 47, 111, 50, 53, 56, 120, 121, 61, 125, 63]
  [3] → [1, 2, 3, 5, 6, 7, 8, 9, 10, 11, 12, 13, 14, 15, 16, 17, 19, 20, 21, 22, 23, 24, 25, 27, 28, 29, 30, 31, 32, 33, 34, 35, 36, 37, 38, 39, 40, 41, 42, 43, 45, 46, 47, 48, 49, 50, 51, 52, 53, 54, 55, 56, 57, 58, 59, 60, 61, 62, 63, 64, 65, 66, 67, 68, 70, 71, 72, 73, 74, 75, 76, 77, 78, 79, 80, 81, 82, 83, 84, 85, 86, 87, 88, 89, 90, 91, 93, 94, 95, 96, 97, 98, 99, 100, 101, 102, 103, 104, 105, 106, 107, 108, 109, 110, 111, 112, 113, 114, 115, 116, 117, 118, 119, 120, 121, 122, 123, 124, 125, 126, 127, 128, 129, 130, 131, 132, 133, 134, 135, 136, 138, 139, 140, 141, 142, 143, 144, 145, 146, 147, 148, 149, 150, 151, 152, 153, 154, 155, 156, 157, 158]
  [4] → [3, 4, 132, 7, 135, 137, 138, 14, 144, 18, 149, 23, 152, 25, 26, 155, 28, 157, 30, 158, 38, 42, 44, 47, 51, 52, 56, 59, 60, 61, 64, 66, 69, 73, 75, 79, 80, 82, 87, 89, 92, 93, 100, 101, 102, 106, 110, 113, 114, 119, 120, 121, 122, 125]
  [5] → [128, 1, 2, 130, 131, 4, 5, 134, 136, 9, 137, 10, 139, 12, 140, 13, 142, 15, 143, 17, 145, 18, 20, 148, 149, 151, 24, 152, 25, 153, 26, 155, 28, 156, 29, 157, 30, 158, 32, 33, 35, 37, 39, 40, 41, 44, 45, 46, 47, 48, 51, 52, 54, 55, 58, 61, 62, 63, 67, 69, 70, 71, 73, 77, 78, 79, 83, 84, 85, 86, 87, 89, 90, 93, 94, 96, 97, 99, 100, 101, 102, 104, 106, 107, 109, 111, 114, 117, 118, 119, 120, 122, 123, 126, 127]
  [6] → [1, 129, 3, 132, 5, 135, 8, 137, 138, 139, 142, 15, 143, 144, 17, 18, 146, 147, 20, 21, 150, 23, 151, 152, 154, 27, 156, 32, 34, 36, 38, 39, 44, 46, 49, 52, 53, 55, 56, 57, 60, 62, 64, 65, 66, 68, 69, 72, 76, 79, 81, 83, 85, 86, 90, 91, 92, 93, 95, 98, 101, 102, 103, 107, 110, 112, 113, 116, 117, 120, 121, 124, 125, 126, 127]
  [7] → [64, 128, 129, 67, 5, 133, 70, 134, 7, 72, 74, 11, 12, 13, 141, 78, 15, 143, 82, 19, 84, 148, 22, 24, 88, 155, 28, 29, 96, 97, 35, 40, 105, 42, 43, 107, 109, 112, 49, 50, 115, 119, 58]
  [8] → [35, 37, 134, 39, 71, 103, 8, 136, 73, 10, 74, 106, 46, 49, 114, 22, 86, 123, 92, 62, 94, 31, 95, 127]
  [9] → [65, 130, 132, 133, 136, 9, 75, 139, 77, 141, 16, 81, 145, 19, 83, 150, 87, 151, 88, 153, 26, 90, 91, 157, 96, 34, 99, 36, 104, 43, 108, 45, 112, 115, 117, 54, 118, 55, 58, 60, 125, 63]
  [10] → [129, 131, 4, 68, 70, 72, 9, 138, 11, 141, 82, 146, 20, 148, 22, 27, 156, 29, 94, 158, 31, 98, 100, 38, 41, 105, 42, 43, 108, 110, 48, 113, 53, 118, 57, 59, 124, 61]
  [12] → [33, 2, 131, 68, 100, 6, 41, 76, 140, 13, 109, 80, 147, 52, 116, 21, 25, 122, 154, 59, 91]
  [23] → [33, 2, 131, 68, 100, 6, 41, 76, 140, 13, 109, 80, 147, 52, 116, 21, 25, 122, 154, 59, 91]

Level 2 itemsets:
  [1, 2] → [1, 14, 47, 50, 56, 63, 80, 84, 102, 111, 121, 152]
  [1, 3] → [1, 2, 5, 6, 7, 8, 9, 11, 12, 14, 16, 17, 19, 20, 21, 22, 23, 27, 29, 30, 31, 32, 33, 36, 37, 39, 41, 42, 43, 45, 47, 48, 50, 51, 54, 56, 57, 58, 59, 60, 62, 63, 65, 66, 67, 68, 71, 72, 74, 75, 77, 79, 80, 81, 82, 84, 85, 87, 88, 90, 91, 94, 95, 97, 99, 101, 102, 103, 105, 107, 108, 109, 111, 112, 114, 115, 116, 118, 119, 121, 123, 124, 126, 128, 129, 130, 131, 132, 133, 135, 136, 138, 139, 140, 141, 142, 144, 146, 147, 148, 149, 150, 152, 153, 156, 157]
  [1, 4] → [4, 7, 14, 23, 26, 30, 42, 47, 51, 56, 59, 60, 66, 75, 79, 80, 82, 87, 101, 102, 114, 119, 121, 132, 135, 138, 144, 149, 152, 157]
  [2, 3] → [1, 3, 134, 10, 76, 14, 78, 80, 145, 84, 24, 152, 25, 89, 154, 155, 34, 98, 102, 40, 104, 110, 47, 111, 50, 53, 56, 120, 121, 61, 125, 63]
  [1, 5] → [1, 2, 4, 5, 9, 12, 17, 20, 26, 29, 30, 32, 33, 37, 39, 41, 45, 47, 48, 51, 54, 58, 62, 63, 67, 71, 77, 79, 84, 85, 87, 90, 94, 97, 99, 101, 102, 107, 109, 111, 114, 118, 119, 123, 126, 128, 130, 131, 136, 139, 140, 142, 148, 149, 152, 153, 156, 157]
  [2, 4] → [3, 69, 137, 14, 80, 18, 152, 25, 89, 155, 92, 102, 44, 110, 47, 56, 120, 121, 61, 125]
  [1, 6] → [1, 5, 8, 17, 20, 21, 23, 27, 32, 36, 39, 56, 57, 60, 62, 65, 66, 68, 72, 79, 81, 85, 90, 91, 95, 101, 102, 103, 107, 112, 116, 121, 124, 126, 129, 132, 135, 138, 139, 142, 144, 146, 147, 150, 152, 156]
  [2, 5] → [1, 69, 134, 137, 10, 78, 145, 18, 84, 24, 152, 25, 89, 155, 102, 40, 104, 44, 47, 111, 120, 61, 63]
  [3, 4] → [3, 7, 14, 23, 25, 28, 30, 38, 42, 47, 51, 52, 56, 59, 60, 61, 64, 66, 73, 75, 79, 80, 82, 87, 89, 93, 100, 101, 102, 106, 110, 113, 114, 119, 120, 121, 122, 125, 132, 135, 138, 144, 149, 152, 155, 157, 158]
  [1, 7] → [5, 7, 11, 12, 19, 22, 29, 42, 43, 50, 58, 67, 72, 74, 82, 84, 88, 97, 105, 107, 109, 112, 115, 119, 128, 129, 133, 141, 148]
  [2, 6] → [1, 3, 69, 137, 76, 18, 152, 154, 92, 34, 98, 102, 44, 110, 53, 56, 120, 121, 125]
  [3, 5] → [1, 2, 5, 9, 10, 12, 13, 15, 17, 20, 24, 25, 28, 29, 30, 32, 33, 35, 37, 39, 40, 41, 45, 46, 47, 48, 51, 52, 54, 55, 58, 61, 62, 63, 67, 70, 71, 73, 77, 78, 79, 83, 84, 85, 86, 87, 89, 90, 93, 94, 96, 97, 99, 100, 101, 102, 104, 106, 107, 109, 111, 114, 117, 118, 119, 120, 122, 123, 126, 127, 128, 130, 131, 134, 136, 139, 140, 142, 143, 145, 148, 149, 151, 152, 153, 155, 156, 157, 158]
  [1, 8] → [8, 22, 31, 37, 39, 62, 71, 74, 94, 95, 103, 114, 123, 136]
  [2, 7] → [134, 78, 84, 24, 155, 40, 50]
  [3, 6] → [1, 3, 5, 8, 15, 17, 20, 21, 23, 27, 32, 34, 36, 38, 39, 46, 49, 52, 53, 55, 56, 57, 60, 62, 64, 65, 66, 68, 72, 76, 79, 81, 83, 85, 86, 90, 91, 93, 95, 98, 101, 102, 103, 107, 110, 112, 113, 116, 117, 120, 121, 124, 125, 126, 127, 129, 132, 135, 138, 139, 142, 143, 144, 146, 147, 150, 151, 152, 154, 156]
  [4, 5] → [4, 137, 18, 149, 152, 25, 26, 155, 28, 157, 30, 158, 44, 47, 51, 52, 61, 69, 73, 79, 87, 89, 93, 100, 101, 102, 106, 114, 119, 120, 122]
  [1, 9] → [9, 16, 19, 26, 36, 43, 45, 54, 58, 60, 63, 65, 75, 77, 81, 87, 88, 90, 91, 99, 108, 112, 115, 118, 130, 132, 133, 136, 139, 141, 150, 153, 157]
  [3, 7] → [5, 7, 11, 12, 13, 15, 19, 22, 24, 28, 29, 35, 40, 42, 43, 49, 50, 58, 64, 67, 70, 72, 74, 78, 82, 84, 88, 96, 97, 105, 107, 109, 112, 115, 119, 128, 129, 133, 134, 141, 143, 148, 155]
  [4, 6] → [3, 132, 135, 137, 138, 144, 18, 23, 152, 38, 44, 52, 56, 60, 64, 66, 69, 79, 92, 93, 101, 102, 110, 113, 120, 121, 125]
  [1, 10] → [4, 9, 11, 20, 22, 27, 29, 31, 41, 42, 43, 48, 57, 59, 68, 72, 82, 94, 105, 108, 118, 124, 129, 131, 138, 141, 146, 148, 156]
  [3, 8] → [8, 10, 22, 31, 35, 37, 39, 46, 49, 62, 71, 73, 74, 86, 94, 95, 103, 106, 114, 123, 127, 134, 136]
  [4, 7] → [7, 155, 28, 42, 64, 82, 119]
  [5, 6] → [1, 5, 137, 139, 142, 15, 143, 17, 18, 20, 151, 152, 156, 32, 39, 44, 46, 52, 55, 62, 69, 79, 83, 85, 86, 90, 93, 101, 102, 107, 117, 120, 126, 127]
  [3, 9] → [9, 16, 19, 34, 36, 43, 45, 54, 55, 58, 60, 63, 65, 75, 77, 81, 83, 87, 88, 90, 91, 96, 99, 104, 108, 112, 115, 117, 118, 125, 130, 132, 133, 136, 139, 141, 145, 150, 151, 153, 157]
  [5, 7] → [128, 5, 134, 12, 13, 15, 143, 148, 24, 155, 28, 29, 35, 40, 58, 67, 70, 78, 84, 96, 97, 107, 109, 119]
  [1, 12] → [2, 6, 21, 33, 41, 59, 68, 80, 91, 109, 116, 131, 140, 147]
  [3, 10] → [9, 11, 20, 22, 27, 29, 31, 38, 41, 42, 43, 48, 53, 57, 59, 61, 68, 70, 72, 82, 94, 98, 100, 105, 108, 110, 113, 118, 124, 129, 131, 138, 141, 146, 148, 156, 158]
  [4, 9] → [132, 26, 157, 60, 75, 87, 125]
  [5, 8] → [134, 136, 10, 35, 37, 39, 46, 62, 71, 73, 86, 94, 106, 114, 123, 127]
  [6, 7] → [129, 5, 15, 143, 49, 64, 72, 107, 112]
  [4, 10] → [4, 138, 158, 38, 42, 59, 61, 82, 100, 110, 113]
  [5, 9] → [130, 136, 9, 139, 145, 151, 153, 26, 157, 45, 54, 55, 58, 63, 77, 83, 87, 90, 96, 99, 104, 117, 118]
  [6, 8] → [8, 39, 46, 49, 62, 86, 92, 95, 103, 127]
  [3, 12] → [2, 6, 13, 21, 25, 33, 41, 52, 59, 68, 76, 80, 91, 100, 109, 116, 122, 131, 140, 147, 154]
  [5, 10] → [131, 4, 9, 20, 148, 156, 29, 158, 41, 48, 61, 70, 94, 100, 118]
  [6, 9] → [132, 139, 150, 151, 34, 36, 55, 60, 65, 81, 83, 90, 91, 112, 117, 125]
  [4, 12] → [25, 52, 59, 80, 100, 122]
  [6, 10] → [129, 138, 146, 20, 27, 156, 38, 53, 57, 68, 72, 98, 110, 113, 124]
  [7, 9] → [133, 141, 19, 88, 96, 43, 112, 115, 58]
  [5, 12] → [2, 131, 140, 13, 25, 33, 41, 52, 100, 109, 122]
  [7, 10] → [129, 70, 72, 11, 141, 82, 148, 22, 29, 105, 42, 43]
  [6, 12] → [147, 21, 154, 52, 68, 76, 91, 116]
  [1, 23] → [2, 6, 21, 33, 41, 59, 68, 80, 91, 109, 116, 131, 140, 147]
  [3, 23] → [2, 6, 13, 21, 25, 33, 41, 52, 59, 68, 76, 80, 91, 100, 109, 116, 122, 131, 140, 147, 154]
  [4, 23] → [25, 52, 59, 80, 100, 122]
  [5, 23] → [2, 131, 140, 13, 25, 33, 41, 52, 100, 109, 122]
  [6, 23] → [147, 21, 154, 52, 68, 76, 91, 116]
  [23, 12] → [33, 2, 131, 68, 100, 6, 41, 76, 140, 13, 109, 80, 147, 52, 116, 21, 25, 122, 154, 59, 91]

Level 3 itemsets:
  [1, 2, 3] → [1, 14, 47, 50, 56, 63, 80, 84, 102, 111, 121, 152]
  [1, 2, 4] → [14, 80, 152, 102, 47, 56, 121]
  [1, 2, 5] → [1, 152, 47, 63, 84, 102, 111]
  [1, 3, 4] → [66, 132, 7, 135, 138, 75, 14, 79, 80, 144, 82, 149, 23, 87, 152, 157, 30, 101, 102, 42, 47, 114, 51, 119, 56, 121, 59, 60]
  [1, 3, 5] → [128, 1, 2, 130, 131, 5, 136, 9, 139, 12, 140, 142, 17, 20, 148, 149, 152, 153, 156, 29, 157, 30, 32, 33, 37, 39, 41, 45, 47, 48, 51, 54, 58, 62, 63, 67, 71, 77, 79, 84, 85, 87, 90, 94, 97, 99, 101, 102, 107, 109, 111, 114, 118, 119, 123, 126]
  [2, 3, 4] → [3, 102, 14, 110, 47, 80, 152, 56, 120, 25, 89, 121, 155, 61, 125]
  [1, 3, 6] → [1, 65, 129, 66, 68, 132, 5, 135, 8, 72, 138, 139, 142, 79, 144, 17, 81, 146, 147, 20, 21, 85, 150, 23, 152, 90, 27, 91, 156, 95, 32, 36, 101, 102, 39, 103, 107, 112, 116, 56, 57, 121, 60, 124, 62, 126]
  [1, 4, 5] → [4, 149, 152, 26, 157, 30, 47, 51, 79, 87, 101, 102, 114, 119]
  [2, 3, 5] → [1, 134, 102, 40, 104, 10, 78, 47, 111, 145, 84, 24, 152, 120, 25, 89, 155, 61, 63]
  [1, 3, 7] → [128, 129, 67, 5, 133, 7, 72, 74, 11, 12, 141, 82, 19, 84, 148, 22, 88, 29, 97, 105, 42, 43, 107, 109, 112, 50, 115, 119, 58]
  [1, 4, 6] → [66, 132, 135, 138, 79, 144, 23, 152, 101, 102, 56, 121, 60]
  [2, 3, 6] → [1, 34, 98, 3, 102, 76, 110, 53, 152, 56, 120, 121, 154, 125]
  [2, 4, 5] → [69, 102, 137, 44, 47, 18, 152, 120, 25, 89, 155, 61]
  [1, 3, 8] → [37, 39, 71, 103, 8, 136, 74, 114, 22, 123, 62, 94, 31, 95]
  [2, 3, 7] → [50, 84, 134, 24, 40, 155, 78]
  [1, 5, 6] → [1, 5, 139, 142, 79, 17, 20, 85, 152, 90, 156, 32, 101, 102, 39, 107, 62, 126]
  [2, 4, 6] → [3, 69, 102, 137, 44, 110, 18, 152, 56, 120, 121, 92, 125]
  [3, 4, 5] → [149, 152, 25, 155, 28, 157, 30, 158, 47, 51, 52, 61, 73, 79, 87, 89, 93, 100, 101, 102, 106, 114, 119, 120, 122]
  [1, 3, 9] → [65, 130, 132, 133, 136, 9, 75, 139, 77, 141, 16, 81, 19, 150, 87, 88, 153, 90, 91, 157, 99, 36, 43, 108, 45, 112, 115, 54, 118, 58, 60, 63]
  [1, 5, 7] → [128, 67, 5, 12, 84, 148, 29, 97, 107, 109, 119, 58]
  [2, 5, 6] → [1, 69, 102, 137, 44, 18, 152, 120]
  [3, 4, 6] → [3, 132, 135, 138, 144, 23, 152, 38, 52, 56, 60, 64, 66, 79, 93, 101, 102, 110, 113, 120, 121, 125]
  [1, 3, 10] → [129, 131, 68, 72, 9, 138, 11, 141, 82, 146, 20, 148, 22, 27, 156, 29, 94, 31, 41, 105, 42, 43, 108, 48, 118, 57, 59, 124]
  [1, 4, 9] → [132, 75, 87, 26, 157, 60]
  [1, 5, 8] → [37, 39, 71, 136, 114, 123, 62, 94]
  [2, 5, 7] → [84, 134, 24, 40, 155, 78]
  [3, 4, 7] → [64, 7, 82, 155, 28, 42, 119]
  [3, 5, 6] → [1, 5, 139, 142, 15, 143, 17, 20, 151, 152, 156, 32, 39, 46, 52, 55, 62, 79, 83, 85, 86, 90, 93, 101, 102, 107, 117, 120, 126, 127]
  [1, 5, 9] → [130, 136, 9, 139, 77, 87, 153, 26, 90, 157, 99, 45, 54, 118, 58, 63]
  [3, 5, 7] → [128, 67, 5, 70, 134, 12, 13, 78, 15, 143, 84, 148, 24, 155, 28, 29, 96, 97, 35, 40, 107, 109, 119, 58]
  [4, 5, 6] → [69, 137, 79, 18, 152, 93, 101, 102, 44, 52, 120]
  [1, 3, 12] → [33, 2, 131, 68, 6, 41, 140, 109, 80, 147, 116, 21, 59, 91]
  [1, 5, 10] → [131, 4, 9, 20, 148, 156, 29, 94, 41, 48, 118]
  [1, 6, 9] → [65, 132, 139, 81, 150, 90, 91, 36, 112, 60]
  [3, 4, 9] → [132, 75, 87, 157, 60, 125]
  [3, 5, 8] → [35, 37, 134, 39, 71, 136, 73, 10, 106, 46, 114, 86, 123, 62, 94, 127]
  [3, 6, 7] → [64, 129, 5, 72, 15, 143, 107, 112, 49]
  [1, 6, 10] → [129, 68, 72, 138, 146, 20, 27, 156, 57, 124]
  [3, 4, 10] → [138, 82, 158, 100, 38, 42, 110, 113, 59, 61]
  [1, 7, 9] → [133, 141, 19, 88, 43, 112, 115, 58]
  [3, 5, 9] → [130, 136, 9, 139, 77, 145, 83, 87, 151, 153, 90, 157, 96, 99, 104, 45, 117, 54, 118, 55, 58, 63]
  [3, 6, 8] → [39, 103, 8, 46, 49, 86, 62, 95, 127]
  [1, 5, 12] → [33, 2, 131, 41, 140, 109]
  [1, 7, 10] → [129, 72, 11, 141, 82, 148, 22, 29, 105, 42, 43]
  [3, 5, 10] → [131, 70, 9, 20, 148, 156, 29, 94, 158, 100, 41, 48, 118, 61]
  [3, 6, 9] → [65, 132, 139, 81, 83, 150, 151, 90, 91, 34, 36, 112, 117, 55, 60, 125]
  [3, 4, 12] → [100, 80, 52, 25, 122, 59]
  [3, 6, 10] → [129, 68, 72, 138, 146, 20, 27, 156, 98, 38, 110, 113, 53, 57, 124]
  [3, 7, 9] → [133, 141, 19, 88, 96, 43, 112, 115, 58]
  [3, 5, 12] → [33, 2, 131, 100, 41, 140, 13, 109, 52, 25, 122]
  [3, 7, 10] → [129, 70, 72, 11, 141, 82, 148, 22, 29, 105, 42, 43]
  [5, 6, 9] → [139, 83, 117, 151, 55, 90]
  [3, 6, 12] → [68, 76, 147, 52, 116, 21, 154, 91]
  [1, 3, 23] → [33, 2, 131, 68, 6, 41, 140, 109, 80, 147, 116, 21, 59, 91]
  [1, 5, 23] → [33, 2, 131, 41, 140, 109]
  [3, 4, 23] → [100, 80, 52, 25, 122, 59]
  [3, 5, 23] → [33, 2, 131, 100, 41, 140, 13, 109, 52, 25, 122]
  [3, 6, 23] → [68, 76, 147, 52, 116, 21, 154, 91]
  [1, 23, 12] → [33, 2, 131, 68, 6, 41, 140, 109, 80, 147, 116, 21, 59, 91]
  [3, 23, 12] → [33, 2, 131, 68, 100, 6, 41, 76, 140, 13, 109, 80, 147, 52, 116, 21, 25, 122, 154, 59, 91]
  [4, 23, 12] → [80, 52, 100, 25, 122, 59]
  [5, 23, 12] → [33, 2, 131, 52, 100, 25, 41, 122, 140, 13, 109]
  [6, 23, 12] → [147, 52, 68, 116, 21, 154, 91, 76]

Level 4 itemsets:
  [1, 2, 3, 4] → [14, 80, 152, 102, 47, 56, 121]
  [1, 2, 3, 5] → [1, 152, 47, 63, 84, 102, 111]
  [1, 3, 4, 5] → [101, 102, 47, 79, 114, 51, 149, 87, 119, 152, 157, 30]
  [1, 3, 4, 6] → [66, 132, 101, 102, 135, 138, 79, 144, 23, 152, 56, 121, 60]
  [2, 3, 4, 5] → [102, 47, 152, 120, 25, 89, 155, 61]
  [1, 3, 5, 6] → [32, 1, 5, 101, 102, 39, 139, 107, 142, 79, 17, 20, 85, 152, 90, 156, 62, 126]
  [2, 3, 4, 6] → [3, 102, 110, 152, 56, 120, 121, 125]
  [1, 3, 5, 7] → [128, 97, 67, 5, 107, 12, 109, 84, 148, 119, 58, 29]
  [1, 3, 5, 8] → [114, 37, 39, 71, 136, 123, 62, 94]
  [2, 3, 5, 7] → [84, 134, 24, 40, 155, 78]
  [2, 4, 5, 6] → [18, 69, 102, 152, 120, 137, 44]
  [1, 3, 5, 9] → [130, 99, 136, 9, 139, 77, 45, 54, 118, 87, 153, 90, 58, 157, 63]
  [3, 4, 5, 6] → [79, 152, 93, 101, 102, 52, 120]
  [1, 3, 5, 10] → [48, 131, 20, 148, 118, 9, 41, 156, 29, 94]
  [1, 3, 6, 9] → [112, 65, 81, 132, 36, 150, 90, 139, 91, 60]
  [1, 3, 6, 10] → [129, 146, 68, 20, 72, 57, 138, 27, 156, 124]
  [1, 3, 7, 9] → [112, 19, 115, 133, 88, 58, 43, 141]
  [1, 3, 5, 12] → [33, 2, 131, 41, 140, 109]
  [1, 3, 7, 10] → [129, 82, 148, 22, 72, 105, 42, 11, 43, 141, 29]
  [3, 5, 6, 9] → [139, 83, 117, 151, 55, 90]
  [1, 3, 5, 23] → [33, 2, 131, 41, 140, 109]
  [1, 3, 23, 12] → [33, 2, 131, 68, 6, 41, 140, 109, 80, 147, 116, 21, 59, 91]
  [1, 5, 23, 12] → [33, 2, 131, 41, 140, 109]
  [3, 4, 23, 12] → [100, 80, 52, 25, 122, 59]
  [3, 5, 23, 12] → [33, 2, 131, 100, 41, 140, 13, 109, 52, 25, 122]
  [3, 6, 23, 12] → [68, 76, 147, 52, 116, 21, 154, 91]

Level 5 itemsets:
  [1, 3, 5, 23, 12] → [33, 2, 131, 41, 140, 109]

